version https://git-lfs.github.com/spec/v1
oid sha256:36c6e8007f253704c6a9ff2f6c9ce53fea4eab6441329835dcf23b80adaed49c
size 32262616
